path_2d_1: 
[[648. 430.]
 [648. 430.]
 [648. 430.]
 [648. 430.]
 [648. 430.]
 [648. 430.]
 [648. 430.]
 [648. 430.]
 [648. 430.]
 [648. 430.]
 [648. 430.]
 [648. 430.]
 [648. 430.]
 [648. 430.]
 [648. 430.]
 [648. 430.]
 [648. 430.]
 [648. 430.]
 [648. 430.]
 [648. 430.]
 [648. 430.]
 [648. 430.]
 [648. 430.]
 [648. 430.]
 [648. 430.]
 [648. 430.]
 [648. 430.]
 [648. 430.]
 [648. 430.]
 [648. 430.]
 [648. 430.]
 [648. 430.]
 [647. 429.]
 [648. 428.]
 [647. 426.]
 [644. 422.]
 [639. 417.]
 [632. 411.]
 [624. 404.]
 [614. 396.]
 [602. 386.]
 [593. 377.]
 [586. 368.]
 [583. 360.]
 [579. 351.]
 [577. 343.]
 [576. 335.]
 [576. 327.]
 [577. 319.]
 [579. 312.]
 [582. 305.]
 [584. 299.]
 [587. 297.]
 [592. 291.]
 [600. 285.]
 [608. 278.]
 [624. 273.]
 [638. 268.]
 [653. 264.]
 [670. 260.]
 [689. 258.]
 [705. 256.]
 [722. 256.]
 [741. 257.]
 [761. 258.]
 [ nan  nan]
 [800. 266.]
 [819. 270.]
 [837. 276.]
 [848. 281.]
 [862. 287.]
 [875. 294.]
 [887. 301.]
 [ nan  nan]
 [903. 315.]
 [908. 323.]
 [913. 331.]
 [914. 338.]
 [913. 346.]
 [910. 354.]
 [904. 360.]
 [895. 368.]
 [886. 374.]
 [872. 380.]
 [858. 385.]
 [842. 389.]
 [827. 392.]
 [810. 395.]
 [794. 397.]
 [778. 399.]
 [762. 402.]
 [745. 403.]
 [727. 405.]
 [711. 407.]
 [693. 409.]
 [676. 411.]
 [659. 412.]
 [641. 414.]
 [624. 415.]
 [606. 416.]
 [590. 417.]
 [573. 419.]
 [557. 421.]
 [543. 422.]
 [529. 424.]
 [513. 426.]
 [498. 428.]
 [483. 432.]
 [468. 435.]
 [454. 440.]
 [440. 443.]
 [426. 448.]
 [413. 453.]
 [401. 459.]
 [389. 464.]
 [378. 470.]
 [368. 477.]
 [359. 485.]
 [352. 494.]
 [347. 505.]
 [343. 515.]
 [341. 527.]
 [343. 539.]
 [347. 551.]
 [354. 562.]
 [367. 573.]
 [383. 583.]
 [403. 591.]
 [425. 598.]
 [449. 603.]
 [474. 607.]
 [498. 608.]
 [523. 608.]
 [546. 606.]
 [566. 604.]
 [587. 599.]
 [604. 594.]
 [620. 588.]
 [634. 583.]
 [646. 576.]
 [656. 569.]
 [664. 561.]
 [672. 554.]
 [678. 545.]
 [682. 536.]
 [684. 526.]
 [685. 516.]
 [684. 506.]
 [682. 497.]
 [679. 488.]
 [672. 478.]
 [665. 468.]
 [659. 459.]
 [652. 450.]
 [646. 442.]
 [638. 432.]
 [632. 424.]
 [626. 416.]
 [620. 409.]
 [615. 403.]
 [611. 398.]
 [608. 395.]
 [606. 392.]
 [604. 390.]
 [604. 390.]
 [604. 390.]
 [604. 390.]
 [604. 390.]
 [604. 390.]
 [604. 390.]
 [604. 390.]
 [604. 390.]
 [604. 390.]
 [604. 390.]
 [604. 390.]
 [604. 390.]
 [604. 390.]
 [604. 390.]
 [604. 390.]
 [604. 390.]
 [604. 390.]
 [604. 390.]
 [604. 390.]
 [604. 390.]
 [604. 390.]
 [604. 390.]
 [604. 390.]
 [604. 390.]
 [604. 390.]
 [604. 390.]
 [604. 390.]
 [604. 390.]
 [604. 390.]
 [604. 390.]
 [604. 390.]
 [604. 390.]
 [604. 390.]]